PAGE TO PRINT:
hello


UNCONTRACTED TRANSLATION:
[[1, 1, 0, 0, 1, 0], [1, 0, 0, 0, 1, 0], [1, 1, 1, 0, 0, 0], [1, 1, 1, 0, 0, 0], [1, 0, 1, 0, 1, 0]]


CONTRACTED TRANSLATION:
[[1, 1, 0, 0, 1, 0], [1, 0, 0, 0, 1, 0], [1, 1, 1, 0, 0, 0], [1, 1, 1, 0, 0, 0], [1, 0, 1, 0, 1, 0]]


BRAILLE SIMULATION:
  ox  ox  ox  ox  ox
  oo  xo  ox  ox  xo
  xx  xx  ox  ox  ox


SOLENOID INSTRUCTIONS for CONTRACTED BRAILLE:
[[0, 0, 0, 0, 0, 0, 0, 0, 0, 0, 0, 0, 0, 0, 0, 0, 0, 0, 0, 1, 0, 1, 0, 1, 0, 0, 0, 0, 0, 0, 0, 0, 0, 0, 0, 0, 0, 0, 0, 0, 0, 0, 0, 1, 1, 0, 1, 1, 0, 0, 0, 0, 0, 0, 0, 0, 0, 0, 0, 0, 0, 0, 0, 0, 0, 0, 0, 1, 0, 0, 0, 0], [0, 0, 0, 0, 0, 0, 0, 0, 0, 0, 0, 0, 0, 0, 0, 0, 0, 0, 0, 0, 0, 1, 0, 1, 0, 0, 0, 0, 0, 0, 0, 0, 0, 0, 0, 0, 0, 0, 0, 0, 0, 0, 0, 0, 1, 0, 0, 1, 0, 0, 0, 0, 0, 0, 0, 0, 0, 0, 0, 0, 0, 0, 0, 0, 0, 0, 0, 0, 0, 1, 0, 1]]


ARDUINO COMBOS:
0 0 0 0 0 0 0 0 0 0 0 0 0 0 0 0 0 0 0 1 0 3 0 3 0 0 0 0 0 0 0 0 0 0 0 0 0 0 0 0 0 0 0 1 3 0 1 3 0 0 0 0 0 0 0 0 0 0 0 0 0 0 0 0 0 0 0 1 0 2 0 2 


