PAGE TO PRINT:
testing 123


UNCONTRACTED TRANSLATION:
[[0, 1, 1, 1, 1, 0], [1, 0, 0, 0, 1, 0], [0, 1, 1, 1, 0, 0], [0, 1, 1, 1, 1, 0], [0, 1, 0, 1, 0, 0], [1, 0, 1, 1, 1, 0], [1, 1, 0, 1, 1, 0], [0, 0, 0, 0, 0, 0], [0, 0, 1, 1, 1, 1], [1, 0, 0, 0, 0, 0], [1, 1, 0, 0, 0, 0], [1, 0, 0, 1, 0, 0]]


CONTRACTED TRANSLATION:
[[0, 1, 1, 1, 1, 0], [1, 0, 0, 0, 1, 0], [0, 1, 1, 1, 0, 0], [0, 1, 1, 1, 1, 0], [0, 1, 0, 1, 0, 0], [1, 0, 1, 1, 1, 0], [1, 1, 0, 1, 1, 0], [0, 0, 0, 0, 0, 0], [0, 0, 1, 1, 1, 1], [1, 0, 0, 0, 0, 0], [1, 1, 0, 0, 0, 0], [1, 0, 0, 1, 0, 0]]

SOLENOID INSTRUCTIONS:
[[0, 0], [1, 0], [1, 0], [0, 0], [0, 0], [1, 0], [0, 0], [1, 0], [0, 0], [1, 0], [1, 0], [0, 0], [1, 0], [1, 0], [0, 0], [0, 0], [0, 0], [0, 0], [1, 0], [0, 0], [1, 0], [1, 0], [1, 0], [0, 0], [1, 0], [1, 0], [0, 0], [0, 0], [1, 0], [1, 0], [1, 0], [1, 0], [0, 0], [1, 0], [1, 0], [1, 0], [0, 0], [1, 0], [0, 0], [0, 0], [1, 0], [1, 0], [0, 0], [0, 0], [0, 0], [0, 0], [0, 0], [1, 0], [1, 0], [0, 0], [1, 0], [0, 0], [0, 0], [0, 0], [1, 0], [0, 0], [0, 0], [0, 0], [1, 0], [0, 0], [1, 0], [0, 0], [0, 0], [0, 0], [1, 0], [1, 0], [0, 0], [0, 0], [0, 0], [0, 0], [0, 0], [0, 0]]